1
2
3
4
5
6
7
8
9
10
11
12
13
14
15
16
17
18
19
20
21
22
23
24
25
26
27
28
29
541
30
32
33
34
547
36
37
38
39
40
35
42
43
44
45
41
47
48
49
50
51
52
53
54
55
56
57
58
59
60
61
62
63
64
65
66
67
68
69
70
71
72
73
74
75
76
587
78
79
77
80
82
83
84
85
86
87
88
89
90
91
92
93
94
95
96
97
98
99
100
101
607
103
613
617
107
619
109
113
631
127
641
131
643
647
137
139
653
659
661
149
151
31
157
673
163
677
167
683
173
179
691
181
701
191
193
197
709
199
719
211
727
733
223
227
739
229
743
46
233
751
239
241
557
757
761
251
769
257
773
263
269
271
563
787
277
281
283
797
293
809
811
569
307
821
521
823
313
571
827
311
317
829
839
331
337
853
577
857
347
859
349
863
353
359
523
877
367
881
883
373
887
379
383
389
907
397
911
401
919
81
409
929
419
421
593
937
941
431
433
947
439
953
443
449
599
967
457
971
461
463
601
977
467
983
479
991
487
491
499
503
509
